887700
887744
887766
887816
887818
887889
887993
888021
888141
888253
888331
888484
888729
888939
889293
889333
889793
889795
889874
889886
890196
890272
890285
890555
890793
890798
891069
891080
891093
891265
891266
891267
891268
891270
892337
892465
892610
892615
892632
892904
893305
893395
894110
894165
894170
894174
894198
894325
894329
894431
894604
894623
894657
894863
894870
894871
894872
894880
894949
895172
895202
895587
895650
895696
895722
895727
895772
895778
895780
895795
895798
895972
896018
896093
896298
896299
897385
897556
898528
898693
900062
900179
900543
901064
901377
902064
902322
902739
905831
905737
906226
907701
908894
909374
910711
912865
914232
915649
915756
917453
917454
917455
917456
919429
920285
921709
270460
276924
344583