43617 
43672 
48516 
83855 
83856 
43723 
43752 
43758 
43770 
43807 
43846 
43988 
43998 
44052 
44056 
44146 
44157 
44202 
44217 
44294 
44295 
87027 
87040 
44359 
44371 
44425 
44492 
44512 
44513 
44578 
85011 
44652 
44727 
44739 
44888 
45050 
45084 
87168 
49035 
45233 
45243 
45368 
45428 
45484 
45516 
85291 
49139 
49170 
49304 
83962 
83971 
85559 
85565 
85577 
85615 
85624 
84078 
83239 
84709 
83667 
83710 
84797 
85421 
85488 
85532 
85541 
49652 
49663 
49759 
49806 
49888 
49935 
49974 
50134 
50157 
50170 
50358 
50379 
50389 
50481 
50537 
50552 
50554 
50556 
50564 
50626 
50627 
50639 
50642 
50644 
50645 
50656 
50658 
50662 
50703 
50752 
50776 
50779 
50780 
50782 
50786 
50829 
50884 
50885 
50941 
51060 
51061 
51140 
51166 
51265 
51817 
52035 
52042 
52176 
52181 
52635 
52646 
52707 
52708 
52822 
52982 
53004 
53088 
53098 
53531 
53730 
53843 
53858 
54034 
54094 
54321 
54327 
54610 
54631 
54641 
54719 
54733 
54779 
55009 
55017 
55018 
55028 
55029 
55030 
55033 
55064 
55140 
55431 
55506 
55530 
55546 
55644 
55670 
55716 
55827 
55911 
56002 
56119 
56177 
56182 
56385 
56511 
56626 
56628 
56662 
56726 
56742 
56760 
56779 
56793 
56800 
56803 
56828 
56936 
57125 
57263 
57356 
57459 
57505 
57603 
57692 
57736 
57764 
57914 
57918 
58612 
58630 
58679 
58897 
58914 
59015 
59179 
59356 
59369 
59372 
59375 
59469 
59505 
59508 
59659 
59660 
59661 
59662 
59663 
59664 
59665 
59666 
60016 
60058 
60201 
60260 
60402 
60420 
60429 
60573 
61312 
61367 
61371 
62294 
62301 
62385 
62400 
62427 
62544 
62778 
62827 
62861 
63075 
63131 
63158 
63324 
63537 
63729 
63865 
63888 
64164 
64184 
64529 
64561 
64626 
64645 
64731 
64754 
64941 
64946 
64963 
65013 
65084 
65167 
65284 
65729 
65808 
65825 
65921 
65966 
66121 
66151 
66223 
66235 
66257 
66262 
66385 
66386 
66391 
66422 
66423 
66845 
66962 
66994 
67125 
67132 
67161 
67220 
67317 
67377 
67386 
67389 
67557 
67562 
67660 
67929 
71006 
71337 
71614 
72243 
72272 
72331 
72526 
72735 
72775 
72785 
72793 
72976 
73234 
73235 
73236 
73237 
73238 
73239 
73240 
73241 
73242 
73244 
73245 
73246 
73247 
73248 
73249 
73250 
73251 
73252 
73253 
73255 
73256 
73257 
73258 
73259 
73260 
73276 
73429 
73480 
73491 
73566 
73567 
73808 
74004 
74025 
74147 
74514 
74515 
74518 
74595 
74933 
75556 
75702 
75727 
75936 
76303 
76307 
76713 
76733 
76738 
76784 
77058 
77060 
77065 
77067 
77076 
77081 
77221 
77231 
77319 
77330 
77679 
77802 
77817 
77904 
78003 
78012 
78052 
78219 
78253 
78260 
78436 
78443 
78516 
78685 
78765 
78781 
79046 
79348 
79393 
79552 
80118 
80298 
80512 
80597 
80694 
80936 
80990 
81083 
81191 
81212 
81396 
81441 
81701 
81736 
81757 
84581 
87505 
87531 
87561 
87577 
87586 
87588 
87752 
87804 
87806 
87835 
88088 
88105 
88395 
88508 
88719 
88881 
88904 
89081 
89097 
89178 
89505 
89624 
90083 
90131 
90165 
90172 
90274 
90308 
90321 
90367 
90415 
90457 
90601 
90643 
90671 
90688 
90690 
90691 
90753 
90778 
90805 
90862 
90912 
90980 
91332 
91343 
91350 
91366 
91421 
91599 
91604 
91816 
92111 
92113 
92251 
92271 
92344 
92353 
92453 
92472 
92481 
92607 
92633 
92644 
92716 
92740 
92915 
93004 
93020 
93154 
93157 
93294 
93394 
93546 
93550 
93616 
93680 
93691 
93807 
93901 
93921 
94087 
94230 
94336 
94502 
94517 
94568 
94584 
94610 
94637 
94642 
94899 
94909 
94925 
95089 
95146 
95231 
95243 
95441 
95552 
95555 
95564 
95589 
95599 
95640 
95804 
95981 
96007 
96218 
96229 
96294 
96337 
96381 
96467 
96470 
96636 
96662 
96724 
96847 
96855 
96890 
96908 
97150 
97152 
97153 
97161 
97191 
97268 
97292 
97295 
97312 
97317 
97319 
97332 
97333 
97334 
97377 
97395 
97430 
97431 
97432 
97445 
97452 
97501 
97510 
97535 
97609 
97646 
97657 
97672 
97683 
97938 
97948 
98012 
98151 
98247 
98259 
98281 
98469 
98499 
98512 
98559 
98819 
99054 
99157 
99245 
99262 
99268 
99273 
99279 
99321 
99516 
99594 
99600 
99647 
99686 
99687 
99708 
99857 
99863 
99969 
100829 
101063 
100916 
100926 
100931 
100938 
100956 
100849 
100186 
100200 
100500 
100509 
100550 
100552 
100565 
100667 
100820 
101324 
101330 
101331 
101450 
101909 
101962 
101977 
101983 
102194 
102234 
102236 
102327 
102376 
102755 
103178 
103182 
103432 
103546 
103772 
103787 
103989 
103990 
103991 
103992 
103993 
103994 
103995 
103996 
103997 
103998 
103999 
104000 
104001 
104002 
104003 
104004 
104005 
104006 
104007 
104008 
104009 
104010 
104011 
104012 
104013 
104014 
104015 
104016 
104017 
104018 
104019 
104020 
104021 
104022 
104023 
104024 
104025 
104026 
104027 
104028 
104032 
104033 
104087 
104359 
104465 
104488 
104543 
104559 
104896 
104917 
104931 
105149 
105190 
105363 
105434 
105463 
105486 
105688 
105753 
105787 
105887 
105953 
105977 
105980 
105991 
106024 
106179 
106293 
106305 
106315 
106348 
106350 
106360 
106362 
106384 
106427 
106548 
106636 
106678 
106779 
106797 
106802 
106806 
106865 
106897 
107213 
107296 
107336 
107358 
107664 
107718 
107780 
107849 
107877 
107960 
108056 
108082 
108113 
108645 
108681 
108682 
108683 
108692 
108928 
109116 
109161 
109175 
109212 
109352 
109373 
109395 
109420 
109461 
109483 
109485 
109699 
109810 
109815 
109832 
109839 
109843 
109959 
110293 
110352 
110417 
110467 
110578 
110720 
110722 
110801 
111003 
111078 
111094 
111131 
111192 
111216 
111218 
111269 
111365 
111386 
111417 
111475 
111500 
111514 
111643 
111752 
111763 
113424 
111860 
111868 
111950 
111968 
111999 
112001 
112025 
112057 
112116 
112156 
112166 
112224 
112304 
112306 
112372 
112386 
112496 
112555 
112632 
112687 
112723 
112784 
112855 
112858 
112860 
112863 
112869 
112871 
112935 
112955 
113070 
113112 
113120 
113122 
113268 
113288 
113332 
113336 
113339 
113370 
113798 
113799 
113831 
113857 
113865 
113869 
114024 
114078 
114079 
114086 
114125 
114127 
114134 
114151 
114339 
114389 
114414 
114430 
114476 
114529 
114631 
114698 
114796 
114797 
114799 
114807 
114852 
114870 
114879 
115007 
115036 
115158 
115205 
115209 
115214 
115219 
115230 
115232 
115245 
115246 
115248 
115250 
115271 
115275 
115284 
115291 
115294 
115296 
115304 
115315 
115337 
115390 
115402 
115422 
115438 
115452 
115686 
115702 
115748 
115817 
115844 
115845 
115857 
115860 
115922 
115978 
116006 
116029 
116032 
116057 
116135 
116179 
116189 
116243 
116254 
116286 
116315 
116352 
116360 
116372 
116382 
116419 
116432 
116504 
116508 
116512 
116570 
116764 
116773 
116774 
116798 
116805 
116927 
116937 
116951 
116973 
117068 
117073 
117080 
117097 
117142 
117149 
117158 
117159 
117168 
117187 
117190 
117195 
117325 
117330 
117385 
117449 
117458 
117480 
117573 
117593 
117651 
117739 
117818 
117862 
118024 
118033 
118066 
118103 
118418 
118514 
118582 
118631 
118663 
118684 
118688 
118718 
118731 
118737 
118925 
118948 
118950 
118965 
119022 
119033 
119090 
119129 
119148 
119166 
119220 
119221 
119236 
119250 
119262 
119317 
119354 
119427 
119432 
119453 
119454 
119471 
119494 
119605 
119652 
119653 
119655 
119657 
119666 
119794 
119808 
119828 
119860 
119871 
119873 
119918 
119989 
120026 
120115 
120121 
120123 
120126 
120143 
120216 
120219 
120622 
120656 
120683 
120903 
121100 
121382 
121417 
121461 
121469 
121489 
121827 
121863 
121903 
121940 
121941 
122050 
122054 
122113 
122254 
122256 
122469 
122475 
122697 
122791 
122849 
122898 
123005 
123027 
123074 
123078 
123089 
123091 
123092 
123093 
123095 
123119 
123120 
123125 
123126 
123127 
123170 
123172 
123183 
123194 
123278 
123339 
123380 
123384 
123420 
123435 
123496 
123501 
123513 
123518 
123572 
123615 
123625 
123712 
123713 
123731 
123742 
123743 
123748 
123782 
123849 
124097 
124100 
124151 
124173 
124223 
124277 
124429 
124564 
124578 
124611 
124620 
124724 
124737 
124845 
124889 
124929 
124975 
124976 
125000 
125003 
125027 
125059 
125068 
125112 
125118 
125130 
125179 
125181 
125197 
125200 
125218 
125242 
125250 
125397 
125400 
125488 
125498 
125503 
125505 
125587 
125594 
125624 
125707 
125762 
125791 
125849 
125932 
125980 
125984 
126010 
126049 
126070 
126099 
126109 
126197 
126203 
126209 
126235 
126260 
126416 
126522 
126536 
126539 
126569 
126598 
126652 
126784 
126797 
126826 
126835 
126861 
126906 
127154 
127158 
127161 
127163 
127175 
127202 
127203 
127212 
127235 
127242 
127259 
127620 
127645 
127703 
127741 
127766 
127827 
127844 
127914 
127918 
127948 
127995 
128035 
128041 
128051 
128085 
128088 
128114 
128121 
128169 
128493 
128645 
128675 
128685 
128723 
128750 
128777 
128853 
128856 
128895 
128910 
129001 
129002 
129027 
129138 
129209 
129381 
129436 
129551 
129582 
129641 
129650 
129698 
129712 
129771 
129773 
129808 
129830 
129862 
129869 
129873 
129918 
129942 
129992 
130136 
130338 
130440 
130453 
130460 
130591 
130661 
130889 
130914 
130951 
130990 
131028 
131038 
131047 
131052 
131053 
131065 
131082 
131108 
131123 
131192 
131202 
131210 
131397 
131450 
131452 
131468 
131552 
131560 
131722 
131728 
132049 
132057 
132104 
132251 
132602 
132658 
132777 
132835 
133322 
133360 
133375 
133680 
133717 
133744 
133753 
133847 
133963 
134004 
134032 
134061 
134206 
134216 
134292 
134299 
134300 
134305 
134321 
134388 
134406 
134434 
134521 
134546 
134738 
134757 
134760 
134878 
134880 
134894 
135027 
135072 
135152 
135154 
135293 
135294 
135316 
135620 
135756 
135782 
135797 
135891 
135937 
135944 
135945 
135946 
135989 
136169 
136333 
136396 
136454 
136531 
136582 
136720 
136850 
136885 
136891 
136986 
137008 
137023 
137093 
137119 
137126 
137127 
137152 
137181 
137229 
137230 
137404 
137480 
137487 
137502 
137503 
137631 
137723 
137756 
137845 
137850 
137905 
137906 
137938 
137954 
137956 
137964 
138025 
138045 
138046 
138075 
138101 
138179 
138181 
138226 
138243 
138244 
138262 
138270 
138315 
138332 
138659 
138721 
138786 
138824 
138863 
138869 
138881 
139004 
139099 
139178 
139192 
139245 
139319 
139321 
139398 
139402 
139502 
139547 
139591 
139626 
139875 
139879 
139940 
139965 
139970 
139981 
140333 
140377 
140392 
140432 
140447 
140548 
140616 
140705 
140720 
140742 
140760 
140791 
140793 
140851 
140865 
140899 
141065 
142221 
141090 
141114 
141115 
141120 
141125 
141174 
141197 
141198 
141202 
141212 
141239 
141240 
141244 
141355 
141463 
141493 
141541 
141629 
141676 
141682 
141700 
141728 
141734 
141839 
141956 
142078 
142084 
142096 
142101 
142135 
142352 
142472 
142479 
142540 
142549 
142562 
142569 
142609 
142709 
142773 
142893 
142940 
142946 
143022 
143064 
143076 
143139 
143265 
143280 
143291 
143294 
143321 
143323 
143438 
143541 
143575 
143669 
143672 
143717 
143903 
143935 
143966 
143975 
144000 
144084 
144104 
144129 
144147 
144359 
144385 
144482 
144484 
144485 
144525 
144526 
144616 
144674 
144782 
144803 
144877 
145086 
145091 
145128 
145150 
145206 
145207 
145269 
145271 
145272 
145278 
145289 
145300 
145306 
145343 
145344 
145355 
145374 
145375 
145392 
145396 
145402 
145409 
145430 
145452 
145458 
145462 
145463 
145467 
145552 
145583 
145603 
145604 
145612 
145621 
145629 
145686 
145722 
145727 
145730 
145734 
145745 
145849 
145850 
145853 
145854 
145893 
145896 
145950 
146093 
146106 
146129 
146133 
146179 
146180 
146182 
146183 
146184 
146185 
146200 
146202 
146233 
146235 
146255 
146278 
146314 
146318 
146327 
146336 
146360 
146368 
146416 
146424 
146436 
146707 
146735 
146845 
146847 
146875 
146910 
146911 
146936 
146939 
146940 
146944 
146948 
147125 
147204 
147220 
147237 
147260 
147310 
147369 
147388 
147544 
147570 
147577 
147656 
147744 
147776 
147919 
148068 
148151 
148156 
148163 
148417 
148467 
148517 
148537 
148538 
148609 
148640 
148741 
148751 
148763 
148764 
148768 
148770 
148777 
148848 
148853 
148865 
148911 
148914 
148952 
148963 
149011 
149027 
149028 
149154 
149212 
149268 
149273 
149279 
149287 
149327 
149369 
149435 
149442 
149483 
149571 
149572 
149589 
149598 
149673 
149679 
149798 
149855 
149907 
149914 
150078 
150079 
150083 
150156 
150179 
150374 
150375 
150520 
150540 
150626 
150631 
150668 
150746 
150783 
150822 
150837 
150905 
150917 
150944 
150976 
151034 
151039 
151040 
151043 
151058 
151086 
151117 
151147 
151149 
151165 
151231 
151258 
151276 
151295 
151302 
151305 
151310 
151459 
151465 
151470 
151475 
151516 
151583 
151634 
151678 
151680 
151772 
151779 
151786 
151827 
151831 
151847 
151868 
152013 
152052 
152067 
152069 
152080 
152231 
152232 
152266 
152267 
152278 
152280 
152281 
152368 
152398 
152399 
152400 
152407 
152416 
152477 
152499 
152569 
152577 
152584 
152586 
152591 
152669 
152692 
152696 
152717 
152772 
152782 
152784 
152834 
152925 
152929 
152944 
152958 
152992 
153026 
153093 
153095 
153175 
153178 
153251 
153580 
153618 
153628 
153634 
153652 
153776 
153794 
153799 
153863 
153905 
154096 
154275 
154278 
154306 
154319 
154369 
154397 
154400 
154405 
154410 
154425 
154827 
154855 
154921 
154963 
155130 
155189 
155222 
155223 
155228 
155576 
155578 
155618 
155657 
155685 
155690 
155704 
155726 
155774 
156098 
156166 
156182 
156196 
156258 
156347 
156373 
156387 
156510 
156511 
156520 
156536 
156537 
156542 
156941 
156948 
156992 
157412 
157434 
157450 
157465 
157507 
157563 
157699 
157750 
157813 
157956 
157958 
157986 
157993 
157996 
158002 
158016 
158019 
158021 
158118 
158148 
158157 
158186 
158330 
158270 
158287 
158393 
158434 
158461 
158482 
158484 
158505 
158541 
158554 
158853 
158872 
158979 
159156 
159202 
159213 
159387 
159391 
159393 
159395 
159399 
159460 
159481 
159497 
159498 
159507 
159512 
159522 
159526 
159536 
159686 
159687 
159690 
159693 
159696 
159820 
159925 
159943 
159946 
159948 
159953 
159954 
159955 
159958 
159959 
159960 
159961 
159984 
159985 
159988 
159992 
160047 
160109 
160294 
160295 
160981 
161189 
161216 
161217 
161290 
161299 
161301 
161323 
161408 
161428 
161459 
161485 
161621 
161659 
161710 
161918 
161924 
161932 
161935 
161947 
161991 
162120 
162147 
162199 
162296 
162336 
162809 
162822 
162955 
163067 
163087 
163106 
163124 
163131 
163156 
163227 
163292 
163307 
163338 
163342 
163381 
163421 
163459 
163464 
163467 
163475 
163476 
163526 
163547 
163599 
163646 
163676 
163677 
163707 
163730 
163753 
163790 
163812 
163815 
163820 
163823 
163938 
163949 
164027 
164039 
164137 
164152 
164153 
164168 
164224 
164239 
164419 
164483 
164515 
164520 
164546 
164578 
164581 
164648 
164649 
164656 
164662 
164674 
164684 
164687 
164704 
164739 
164821 
164833 
164895 
164916 
164922 
164933 
164945 
165046 
165048 
165102 
165131 
165136 
165219 
165229 
165275 
165309 
165324 
165353 
165686 
165727 
165854 
165862 
165894 
165923 
165930 
165969 
166080 
166231 
166265 
166629 
166634 
166661 
166682 
166694 
166699 
166709 
166712 
166871 
166887 
166942 
167036 
167041 
167075 
167107 
167121 
167206 
167321 
167351 
167380 
167460 
167481 
167489 
167631 
167688 
167698 
167731 
167809 
167828 
167846 
167859 
167888 
167908 
167909 
167910 
167911 
167921 
167931 
167947 
167953 
167955 
167957 
167977 
168027 
168028 
168029 
168054 
168078 
168108 
168165 
168223 
168254 
168289 
168293 
168358 
168453 
168458 
168476 
168485 
168509 
168538 
169625 
169680 
169699 
169704 
169751 
169759 
170052 
170138 
170144 
170149 
170156 
170161 
170241 
170260 
170295 
170301 
170310 
170369 
170398 
170532 
170748 
170894 
171048 
171130 
171205 
171272 
171473 
171497 
171593 
171670 
171879 
171917 
171942 
172137 
172227 
172289 
172296 
172403 
172411 
172545 
172549 
172562 
172574 
172595 
172606 
172609 
172618 
172694 
172698 
172707 
172711 
172733 
172746 
172780 
172809 
172821 
172837 
172843 
172933 
173043 
173175 
173195 
173251 
173268 
173501 
173551 
173622 
173969 
173972 
174069 
174228 
174328 
174395 
174449 
174470 
174474 
174524 
174632 
174645 
174668 
174721 
174871 
174882 
174896 
174909 
174983 
175061 
175070 
175085 
175091 
175122 
175168 
175230 
175260 
175262 
175263 
175264 
175286 
175310 
175311 
175312 
175315 
175316 
175410 
175451 
175490 
175529 
175587 
175701 
175801 
175958 
175979 
175982 
176002 
176013 
176042 
176065 
176066 
176076 
176083 
176159 
176197 
176226 
176279 
176308 
176364 
176494 
176599 
176698 
176754 
176899 
176929 
176979 
177225 
177230 
177335 
177508 
177523 
177551 
177619 
177624 
177635 
177639 
177713 
177757 
177943 
178049 
178057 
178094 
178144 
178152 
178184 
178241 
178253 
178278 
178279 
178281 
178284 
178293 
178345 
178384 
178409 
178503 
178506 
178537 
178567 
178611 
178632 
178742 
178990 
179021 
179034 
179073 
179103 
179121 
179164 
179217 
179248 
179328 
179421 
179426 
179559 
179568 
179599 
179701 
179732 
179751 
179763 
179826 
179828 
179839 
179986 
180037 
180074 
180109 
180110 
180111 
180112 
180113 
180115 
180116 
180253 
180346 
180349 
180388 
180393 
180397 
180434 
180527 
180538 
180548 
180559 
180562 
180563 
180572 
180582 
180584 
180588 
180589 
180590 
180591 
180592 
180695 
180814 
180895 
180908 
180909 
180977 
181061 
181073 
181088 
181210 
181212 
181214 
181225 
181232 
181315 
181319 
181321 
181642 
181665 
181677 
181685 
181686 
181695 
181748 
181768 
181803 
181810 
181816 
181823 
181826 
181828 
181871 
181874 
181879 
181893 
181910 
181939 
181955 
182008 
182017 
182027 
182033 
182046 
182089 
182104 
182132 
182140 
182160 
182169 
182234 
182265 
182267 
182274 
182358 
182414 
182420 
182467 
182474 
182484 
182487 
182530 
182557 
182670 
183127 
183231 
183239 
183245 
183318 
183352 
183356 
183405 
183425 
183458 
183548 
183568 
183577 
183624 
183667 
183696 
183796 
183835 
183844 
183854 
183855 
183871 
183878 
183925 
184042 
184057 
184076 
184125 
184279 
184286 
184452 
184472 
184495 
184596 
184661 
184698 
184712 
184715 
184750 
184759 
184857 
184877 
184881 
185041 
185051 
185387 
185705 
185775 
185794 
185826 
185833 
185835 
185862 
185899 
185907 
185909 
185914 
186156 
186189 
186307 
186308 
186315 
186316 
186317 
186326 
186352 
186393 
186402 
186462 
186530 
186554 
186586 
186723 
186766 
186862 
187006 
187025 
187134 
187225 
187232 
187305 
187380 
187410 
187460 
187520 
187536 
187539 
187542 
187602 
187705 
187714 
187759 
187822 
187881 
188075 
188078 
188086 
188102 
188124 
188132 
188149 
188185 
188195 
188205 
188266 
188279 
188284 
188313 
188326 
188338 
188482 
188561 
188661 
188691 
188692 
188719 
188743 
188929 
188972 
189023 
189069 
189149 
189192 
189241 
189332 
189356 
189378 
189414 
189458 
189548 
189704 
189726 
189768 
189793 
189834 
189851 
190015 
190016 
190020 
190133 
190188 
190194 
190195 
190247 
190373 
190427 
190434 
190798 
190863 
190870 
190933 
190951 
190964 
191095 
191146 
191179 
191196 
191216 
191220 
191243 
191323 
191328 
191332 
191380 
191381 
191387 
191407 
191416 
191543 
191643 
191674 
191689 
191810 
191830 
191831 
191884 
191890 
191902 
191909 
191994 
192074 
192079 
192082 
192110 
192127 
192131 
192140 
192197 
192210 
192223 
192235 
192284 
192318 
192321 
192362 
192373 
192375 
192388 
192485 
192512 
192532 
192567 
192577 
192578 
192611 
192618 
192648 
192665 
192667 
192749 
192751 
192786 
192886 
192896 
192922 
192931 
192940 
193081 
193143 
193436 
193462 
193478 
193481 
193517 
193556 
193719 
193724 
193753 
193759 
193773 
193799 
193932 
193936 
194017 
194065 
194142 
194207 
194294 
194308 
194318 
194329 
194351 
194454 
194564 
194574 
194594 
194761 
194790 
194832 
194866 
194884 
194906 
194952 
195045 
195051 
195058 
195088 
195134 
195140 
195156 
195163 
195205 
195216 
195544 
195580 
195586 
195635 
195636 
195638 
195688 
195836 
195842 
195913 
195950 
195996 
196221 
196222 
196300 
196358 
196380 
196386 
196416 
196448 
196458 
196482 
196498 
196624 
196655 
196715 
196819 
196833 
196846 
196878 
196937 
196969 
196989 
197055 
197059 
197114 
197115 
197153 
197238 
197253 
197279 
197334 
197337 
197365 
197436 
197443 
197489 
197585 
197693 
197694 
197719 
197723 
197726 
197754 
197755 
197786 
197789 
197877 
197878 
197880 
197902 
197907 
197914 
197916 
197958 
197976 
198012 
198218 
198221 
198249 
198251 
198259 
198292 
198452 
198470 
198494 
198622 
198673 
198690 
198718 
198723 
198732 
198733 
198734 
198773 
198851 
198907 
198927 
198969 
199082 
199243 
199281 
199286 
199321 
199436 
199438 
199445 
199644 
199714 
199764 
199779 
199804 
199996 
231041 
231053 
231062 
231068 
231086 
248560 
248588 
248599 
248601 
248609 
230674 
230681 
230688 
233376 
233379 
229825 
230328 
231687 
231694 
231713 
249337 
249339 
249346 
230428 
230435 
230436 
231917 
231926 
230581 
232150 
232174 
232499 
289568 
232562 
232614 
232650 
232653 
232185 
246302 
231267 
230076 
230098 
230119 
299552 
231374 
231380 
231389 
231508 
231510 
231524 
246838 
246897 
246995 
247002 
247027 
247028 
247072 
247084 
249398 
249431 
249467 
230525 
230714 
233402 
233408 
232347 
291057 
232432 
232463 
234701 
234713 
291200 
235059 
235139 
234947 
235041 
235200 
235216 
235292 
291683 
235605 
291721 
291750 
235642 
291764 
291822 
291878 
236188 
236301 
236349 
236390 
236398 
236607 
292457 
292463 
292500 
292636 
237071 
237184 
292797 
292825 
237232 
237262 
237357 
237381 
237544 
237597 
237860 
237915 
293105 
293126 
293276 
238117 
293299 
238344 
293581 
293593 
238842 
238890 
293845 
293847 
294048 
239170 
239380 
294147 
294201 
239479 
239503 
239719 
239762 
239818 
240048 
240256 
294867 
294891 
240562 
240659 
240821 
295276 
295330 
295339 
240958 
241008 
241044 
295380 
241192 
241194 
241198 
241202 
241231 
241244 
241323 
241341 
241484 
241503 
241596 
241598 
241608 
241610 
241619 
241623 
295865 
241892 
241950 
296045 
242171 
242213 
242243 
242314 
242354 
242407 
242408 
296305 
242489 
242579 
296377 
242727 
242874 
242882 
242905 
296622 
242945 
243001 
243003 
243049 
243058 
296701 
296706 
243277 
243474 
243594 
243842 
243865 
297339 
297359 
244070 
244092 
297547 
244432 
244434 
244459 
244474 
244504 
244555 
244567 
297803 
244636 
244642 
244677 
244697 
244721 
244724 
244766 
244778 
244781 
244813 
244902 
244904 
244909 
297968 
244958 
244967 
244971 
245124 
245147 
245172 
245236 
245296 
245304 
245305 
245311 
245408 
245450 
245485 
245514 
245518 
245527 
245538 
245762 
298862 
298873 
298888 
245956 
245969 
246042 
246055 
246085 
247158 
229796 
246412 
246419 
299241 
299334 
247517 
247521 
246634 
246663 
247628 
247640 
230278 
229735 
292783 
232878 
299924 
229987 
230194 
230231 
230232 
230234 
248116 
248133 
249234 
249319 
249695 
249759 
249786 
249798 
250082 
250088 
250243 
250253 
250273 
250457 
250688 
250729 
250741 
250766 
251043 
251200 
251224 
251358 
251468 
251469 
251526 
251572 
251732 
252324 
252544 
252580 
252626 
252699 
252894 
253128 
253202 
253313 
253429 
253448 
253975 
254151 
254200 
254211 
254343 
254588 
254869 
254895 
254927 
255125 
255132 
255474 
255481 
255510 
255587 
255627 
255651 
255668 
255679 
255708 
255822 
256647 
256649 
256663 
256665 
257035 
257106 
257119 
257237 
257276 
257305 
257376 
257384 
257942 
258084 
258117 
258260 
258283 
258317 
258318 
258460 
258573 
258578 
258582 
258585 
258596 
258630 
258710 
258876 
258879 
259100 
259555 
259742 
259913 
260005 
260221 
260239 
260278 
260299 
260316 
260390 
260468 
260491 
260492 
260591 
260604 
260632 
260645 
260648 
260662 
260689 
260697 
260744 
260751 
260755 
260838 
260928 
260938 
260941 
261138 
261285 
261297 
261335 
261336 
261338 
261571 
261592 
261706 
261734 
261764 
261966 
262004 
262005 
262010 
262088 
262109 
262140 
262230 
262830 
262852 
263010 
263169 
263191 
263196 
263226 
263498 
263508 
263512 
263535 
263542 
263553 
263589 
263662 
263672 
263846 
263866 
263873 
263876 
263902 
263913 
264002 
264023 
264177 
264405 
264426 
264445 
264481 
264494 
264832 
264919 
264934 
265050 
265258 
265274 
265284 
265384 
265441 
265528 
265619 
265740 
265749 
265775 
265786 
265930 
265931 
266072 
266090 
266288 
266449 
266454 
266766 
266801 
266908 
267161 
267177 
267189 
267356 
267539 
267570 
267643 
267865 
267867 
268113 
268167 
268228 
268245 
268382 
268679 
268794 
268803 
268804 
268805 
268806 
268807 
268808 
268888 
269047 
269066 
269109 
269184 
269196 
269230 
269279 
269288 
269449 
269458 
269467 
269479 
269568 
269705 
270059 
270060 
270068 
270072 
270119 
270454 
270460 
270695 
270981 
270993 
270999 
271007 
271253 
271360 
271391 
271393 
271407 
271506 
271700 
271765 
200034 
200072 
200079 
200125 
200179 
200210 
200212 
200214 
200224 
200351 
200355 
200387 
200419 
200427 
200487 
200572 
200623 
200683 
200693 
200748 
200753 
200762 
200818 
200821 
200826 
200909 
201137 
201152 
201300 
201314 
201346 
201489 
201512 
201520 
201529 
201723 
201796 
201838 
201848 
201855 
201897 
201901 
201903 
201905 
201940 
201948 
201984 
202177 
202354 
202361 
202362 
202425 
202496 
202499 
202536 
202548 
202582 
202584 
202619 
202652 
202725 
202740 
202767 
202774 
202781 
202797 
202808 
202823 
202918 
202921 
202939 
202949 
202951 
202960 
202965 
202967 
202968 
202969 
203002 
203042 
203047 
203060 
203088 
203241 
203384 
203388 
203391 
203409 
203513 
203515 
203594 
203595 
203600 
203614 
203658 
203673 
203912 
203935 
203974 
204047 
204048 
204050 
204052 
204198 
204208 
204237 
204239 
204292 
204421 
204513 
204628 
204774 
204802 
204969 
204984 
204996 
205000 
205034 
205069 
205250 
205284 
205309 
205360 
205481 
205497 
205498 
205506 
205521 
205529 
205536 
205626 
205796 
205884 
205908 
205920 
205925 
205949 
205953 
206109 
206125 
206227 
206239 
206319 
206359 
206516 
206591 
206650 
206653 
206737 
206811 
206872 
206877 
206894 
207013 
207042 
207053 
207062 
207099 
207170 
207236 
207266 
207285 
207321 
207329 
207381 
207384 
207388 
207399 
207404 
207431 
207435 
207457 
207477 
207505 
207552 
207576 
207695 
207710 
207781 
207792 
207983 
208141 
208237 
208363 
208407 
208480 
208481 
208526 
208556 
208566 
208622 
208654 
208719 
208734 
208834 
208978 
209004 
209008 
209140 
209223 
209251 
209352 
209368 
209398 
209449 
209520 
209521 
209736 
209765 
209821 
209860 
209917 
209937 
209949 
210188 
210190 
210238 
210246 
210298 
210304 
210331 
210354 
210384 
210417 
210429 
210525 
210572 
210654 
210671 
210741 
210779 
210875 
210908 
210994 
211065 
211072 
211149 
211206 
211213 
211283 
211381 
211418 
211477 
211643 
211988 
212015 
212022 
212046 
212067 
212074 
212107 
212239 
212241 
212456 
212629 
212696 
212721 
212770 
212931 
212985 
213056 
213069 
213114 
213180 
213190 
213227 
213239 
213255 
213261 
213358 
213360 
213418 
213437 
213558 
213936 
213942 
213991 
214000 
214001 
214022 
214028 
214034 
214044 
214087 
214171 
214340 
214370 
214570 
214571 
214576 
214581 
214620 
214642 
214681 
214763 
214798 
214800 
214839 
214845 
215044 
215053 
215105 
215326 
215372 
215381 
215383 
215384 
215447 
215625 
215891 
215967 
215970 
216151 
216161 
216243 
216271 
216289 
216294 
216330 
216336 
216351 
216373 
216379 
216389 
216453 
216469 
216533 
216615 
216699 
216700 
216725 
216746 
216806 
216812 
216822 
216840 
216992 
216998 
217058 
217083 
217097 
217108 
217430 
217431 
217555 
217558 
217610 
217679 
217739 
217745 
217747 
217790 
218088 
218136 
218199 
218264 
218287 
218324 
218342 
218451 
218465 
218567 
218570 
218680 
218705 
218803 
218872 
218876 
218898 
218966 
219014 
219192 
219197 
219203 
219205 
219215 
219293 
219323 
219356 
219447 
219458 
219499 
219509 
219599 
219601 
219607 
219657 
219715 
219729 
219870 
220002 
220009 
220150 
220185 
220385 
220445 
220494 
220615 
220737 
220774 
220864 
220874 
220903 
220909 
220946 
221133 
221163 
221250 
221251 
221260 
221262 
221264 
221267 
221286 
221287 
221289 
221292 
221294 
221298 
221325 
221328 
221333 
221380 
221432 
221454 
221461 
221507 
221558 
221785 
221787 
221788 
221789 
221790 
221791 
221792 
221833 
221869 
221883 
221893 
221908 
221948 
221950 
221955 
222020 
222036 
222040 
222058 
222063 
222080 
222082 
222096 
222108 
222171 
222224 
222252 
222294 
222506 
222556 
222660 
222667 
222692 
222724 
222762 
222805 
222838 
222870 
223014 
223024 
223172 
223203 
223350 
223355 
223362 
223363 
223367 
223374 
223384 
223391 
223396 
223421 
223427 
223430 
223434 
223435 
223525 
223531 
223542 
223545 
223557 
223597 
223609 
223618 
223625 
223630 
223637 
223653 
223759 
223846 
223851 
223854 
223906 
223931 
223936 
223948 
223999 
224006 
224015 
224095 
224096 
224108 
224186 
224198 
224214 
224287 
224291 
224317 
224342 
224362 
224460 
224556 
224572 
224904 
224927 
225098 
225100 
225243 
225326 
225537 
225540 
225555 
225653 
225769 
225777 
225831 
225833 
225897 
225901 
225936 
226037 
226094 
226097 
226104 
226188 
226191 
226199 
226200 
226203 
226211 
226212 
226245 
226334 
226335 
226343 
226408 
226418 
226427 
226428 
226612 
226640 
226648 
226659 
226712 
226756 
226783 
226960 
227102 
227230 
227298 
227344 
227486 
227522 
227587 
227643 
227659 
227663 
227725 
227726 
227762 
227781 
227806 
227809 
227833 
227837 
227880 
228006 
228295 
228323 
228377 
228383 
228399 
228495 
228531 
228539 
228648 
228825 
228854 
228873 
229199 
229405 
229417 
229483 
229498 
229511 
229528 
229532 
229541 
229584 
229599 
229619 
229620 
229622 
232994 
230026 
230029 
233099 
231738 
231749 
231760 
231805 
231813 
290955 
232403 
291012 
292673 
294462 
294464 
294505 
294548 
294568 
294911 
240886 
295540 
296094 
296282 
296632 
296645 
296907 
297181 
297198 
297203 
298176 
298265 
299112 
299130 
299135 
299403 
299424 
299460 
299466 
299473 
299835 
247700 
247721 
248037 
271861 
271928 
271950 
271960 
272095 
272097 
272221 
272231 
272357 
272379 
272387 
272426 
272432 
272497 
272506 
272570 
272578 
272588 
272596 
272824 
272832 
272839 
272863 
272979 
272982 
272997 
273449 
273557 
273560 
273630 
273647 
273698 
273726 
273803 
273805 
273881 
273946 
273960 
274112 
274264 
274267 
274324 
274336 
274443 
274541 
274594 
274844 
274868 
274990 
274997 
275186 
275242 
275245 
275269 
275274 
275293 
275303 
275386 
275515 
275518 
275668 
275714 
276031 
276041 
276105 
276174 
276244 
276253 
276255 
276269 
276276 
276427 
276614 
276634 
276714 
276747 
276924 
276976 
277078 
277138 
277163 
277192 
277197 
277213 
277259 
277262 
277300 
277341 
277354 
277377 
277407 
277431 
277502 
277525 
277534 
277664 
278095 
278151 
278191 
278220 
278225 
278231 
278718 
279070 
279351 
279717 
279914 
279932 
279935 
280282 
280304 
280389 
280495 
280500 
280503 
280504 
280509 
280511 
280519 
280529 
280534 
280585 
280748 
280770 
280803 
280826 
280865 
280912 
280914 
281274 
281283 
281296 
281344 
281387 
281472 
281575 
281597 
281682 
281850 
281851 
281942 
281950 
282176 
282209 
282339 
282363 
282535 
282564 
282570 
282572 
282588 
282602 
282604 
282628 
282748 
282772 
282843 
282909 
283014 
283058 
283063 
283269 
283309 
283407 
283419 
283460 
283482 
283492 
283502 
283539 
283550 
283565 
283742 
283786 
283821 
283825 
283847 
283951 
284082 
284143 
284155 
284346 
284807 
284811 
284951 
284963 
285153 
285432 
285482 
285609 
286667 
286728 
286740 
287245 
287378 
287382 
287496 
287562 
287666 
287667 
287688 
287758 
287789 
287835 
287837 
288219 
288298 
288353 
288540 
288596 
288846 
288912 
288950 
288955 
288966 
288993 
289000 
289189 
289246 
289264 
289313 
289330 
297751 
300812 
388622 
300391 
349681 
350119 
351106 
351171 
352734 
353293 
353310 
353784 
354262 
300176 
300179 
300181 
300270 
300301 
300305 
300532 
300539 
300540 
300571 
300879 
300881 
347748 
301257 
346516 
301572 
301592 
301794 
301919 
301924 
302253 
302289 
302298 
302338 
302485 
302651 
302731 
302885 
303480 
303522 
303727 
303730 
303744 
304190 
304642 
305237 
305972 
305973 
305974 
305976 
305978 
306128 
306733 
307050 
307382 
307424 
308155 
308156 
308158 
308489 
308610 
309058 
309367 
309594 
309714 
310031 
310036 
310439 
310443 
310446 
310671 
310690 
310706 
310707 
310708 
311058 
311063 
311101 
311413 
311449 
311639 
311776 
311874 
311884 
311922 
311948 
311998 
312118 
312121 
312292 
312647 
312889 
312907 
312918 
313075 
314126 
314808 
314814 
315512 
315524 
315760 
315773 
315837 
315838 
315865 
315879 
316290 
316319 
318068 
316713 
316738 
316897 
316898 
316946 
316948 
317201 
317507 
317543 
317548 
317557 
317711 
318099 
318295 
318571 
318751 
319279 
319458 
319465 
319467 
319473 
319476 
319480 
319483 
319532 
319576 
319593 
319629 
319794 
319795 
319809 
319951 
320159 
320166 
320173 
320269 
320355 
320376 
320679 
320693 
321029 
321249 
321511 
321594 
321631 
321643 
321670 
321686 
321687 
321692 
321699 
321701 
321702 
321704 
321725 
321980 
322661 
322724 
323017 
323735 
324005 
324006 
324136 
324194 
324230 
324423 
324442 
324453 
324491 
324548 
325510 
325594 
325827 
326080 
326449 
326639 
326697 
327088 
327671 
327674 
327867 
328210 
328270 
328337 
328486 
328724 
329209 
329218 
329263 
329572 
329645 
329659 
329749 
329770 
329791 
329798 
329862 
329950 
330105 
330122 
330135 
330650 
330760 
330957 
330974 
331223 
331302 
331428 
331752 
331940 
331975 
331984 
332586 
332631 
332632 
332708 
333008 
333306 
333419 
333459 
333767 
334139 
334205 
334229 
334230 
334253 
334691 
334709 
334837 
335330 
335339 
335341 
335427 
335447 
335481 
335495 
335533 
335717 
335735 
335761 
335779 
336131 
336145 
337426 
337488 
337680 
337734 
338477 
338518 
338523 
339137 
339237 
339483 
339987 
339991 
340012 
340053 
340580 
341044 
341074 
341600 
341869 
341876 
341992 
342066 
342608 
342610 
343095 
343202 
343626 
343928 
344032 
344035 
344049 
344069 
344228 
344284 
344499 
347282 
347296 
346111 
347937 
347693 
348047 
348076 
350401 
350418 
350432 
350739 
299998 
300748 
300779 
301680 
301718 
301831 
301862 
301973 
303061 
303299 
304115 
304175 
304770 
305518 
305915 
306607 
307485 
307978 
309641 
309648 
309663 
310185 
310339 
311216 
311218 
311236 
311244 
311380 
311805 
313050 
313245 
313250 
315906 
316078 
316346 
316789 
316810 
317243 
317314 
317321 
317332 
388515 
388527 
388531 
388554 
388564 
317388 
317391 
330716 
330721 
330724 
353334 
355456 
355458 
355558 
355948 
355958 
356284 
356322 
356408 
356586 
356809 
357213 
357424 
357427 
357428 
357576 
357858 
357929 
357952 
357954 
358001 
358005 
358007 
358570 
359288 
359290 
359453 
360539 
360727 
361054 
361089 
361106 
361337 
361341 
361368 
361400 
361414 
361793 
361893 
361938 
361941 
362118 
362119 
362129 
362133 
362702 
363042 
363049 
363636 
363658 
363680 
363934 
363971 
364904 
364910 
364964 
365093 
365504 
365755 
365968 
366129 
366518 
367581 
367589 
368119 
369063 
369185 
369447 
369451 
369557 
369573 
369581 
369979 
371464 
371550 
371980 
372452 
373932 
373950 
374007 
374027 
374053 
374057 
374100 
374106 
374737 
374919 
374969 
375091 
375097 
376027 
376060 
376563 
377115 
377542 
378941 
379049 
380045 
380096 
380103 
380246 
380317 
380939 
381129 
381356 
381758 
381762 
381771 
382048 
382321 
382612 
382625 
382666 
382667 
383112 
383117 
383564 
384029 
384101 
384112 
384289 
384397 
384569 
384719 
384782 
384814 
384962 
385037 
385145 
385322 
385372 
385381 
385407 
385420 
386292 
386334 
386340 
386351 
386570 
386596 
386614 
386735 
386997 
387007 
387052 
387250 
387272 
387279 
387307 
387544 
388215 
388236 
388254 
388936 
389561 
390181 
390631 
390929 
392311 
393615 
394016 
394294 
394329 
394332 
394346 
395845 
396467 
396493 
396802 
397137 
397478 
397508 
397527 
397545 
397792 
398131 
398163 
398797 
398799 
399165 
399166 
399174 
399462 
498562 
498845 
498852 
498865 
498878 
401940 
402410 
402671 
403616 
403692 
403703 
404035 
404323 
404713 
406387 
406388 
407552 
409208 
409943 
409986 
411063 
411068 
411075 
411405 
411723 
412481 
412490 
412526 
413193 
413505 
413828 
415258 
415272 
415275 
415329 
415622 
415682 
415967 
416004 
416040 
416682 
416978 
416983 
417360 
417382 
418078 
418743 
418767 
419017 
419075 
419731 
420115 
420459 
421859 
422944 
423022 
423336 
423388 
424443 
424003 
424447 
426165 
426238 
426547 
426944 
428010 
428019 
428757 
430249 
430254 
431002 
433996 
434670 
434689 
435648 
439021 
439729 
440629 
440963 
446585 
446593 
447930 
448985 
449351 
449356 
449671 
449680 
450006 
450315 
452835 
452854 
454719 
458696 
460556 
460642 
460911 
460920 
460928 
460956 
461242 
461272 
461308 
461598 
463380 
463828 
464426 
469668 
470003 
470010 
470041 
470067 
470380 
470398 
470749 
471660 
471739 
472013 
472026 
472391 
473888 
474262 
474656 
474833 
474899 
475177 
476257 
476615 
477222 
479021 
479398 
479464 
480778 
481164 
481472 
482170 
482922 
483572 
484339 
484377 
486502 
486732 
487081 
487378 
488147 
488923 
489284 
490997 
491023 
491415 
491668 
491753 
493484 
493791 
494979 
496375 
496405 
496414 
496757 
496841 
497114 
500348 
500686 
502753 
502758 
502816 
502819 
503208 
503922 
504261 
504984 
505007 
505347 
506040 
506791 
506798 
507097 
507139 
507148 
507159 
507494 
507525 
508123 
508184 
508487 
508490 
508493 
508517 
508894 
509574 
509924 
509930 
511025 
511044 
511381 
512023 
512076 
513105 
513134 
513137 
513154 
514415 
514421 
514451 
515484 
517711 
518081 
519120 
519418 
519582 
520623 
520842 
520871 
520883 
520903 
521582 
521960 
522203 
522876 
526258 
526265 
526325 
527042 
527296 
528940 
530008 
530289 
530967 
531032 
531042 
531051 
534450 
534541 
534554 
534630 
534794 
534908 
535705 
536341 
536669 
536954 
538008 
538771 
538800 
540428 
541169 
541199 
541502 
541606 
541853 
541862 
541948 
542258 
542340 
542670 
542897 
544329 
544334 
544928 
545052 
546753 
547145 
548587 
549355 
549364 
549882 
550266 
550937 
557154 
561805 
562417 
563268 
563870 
564196 
565736 
566056 
566811 
568832 
569241 
569966 
570035 
570358 
570537 
570563 
570568 
570651 
574638 
574639 
574962 
578119 
578138 
579560 
582810 
583184 
583561 
583624 
583987 
587214 
587854 
587910 
588239 
590020 
591002 
591432 
591770 
591786 
592090 
592094 
592400 
592803 
593893 
593911 
593926 
596363 
596368 
601287 
601367 
602498 
602767 
603196 
603764 
603788 
604120 
604534 
604560 
605720 
608031 
609233 
610219 
612231 
614523 
615336 
617896 
618214 
619578 
622112 
622113 
622118 
622122 
622864 
625546 
627376 
629087 
629879 
629892 
630146 
630192 
630227 
630265 
630462 
630903 
631206 
631227 
631529 
631956 
632017 
632721 
633001 
633245 
633262 
633266 
633364 
633371 
633600 
633607 
634312 
634630 
634648 
634679 
636560 
637194 
638250 
638401 
638635 
639473 
639684 
639796 
640488 
640530 
640532 
640904 
641640 
642281 
642643 
642675 
643039 
643442 
643446 
643537 
643882 
643908 
645264 
645299 
646505 
648222 
648298 
648305 
648346 
648348 
649322 
649533 
650085 
653125 
654198 
655288 
658011 
658013 
658217 
659419 
659760 
659784 
660563 
660565 
661646 
661647 
661873 
661959 
661977 
661978 
662287 
663312 
663431 
663729 
664200 
665302 
665651 
665688 
665722 
666065 
666557 
666716 
666722 
667032 
667400 
667408 
667613 
667739 
667740 
669365 
669438 
669440 
669736 
669776 
670572 
670779 
670924 
671605 
671939 
672623 
672629 
672664 
673273 
673384 
673724 
674426 
674741 
674757 
674774 
675398 
676212 
676581 
677557 
677617 
677955 
678050 
678727 
678989 
680415 
680480 
681468 
681473 
681882 
682442 
682774 
683792 
683925 
683957 
683965 
684152 
684567 
684573 
685304 
685491 
685909 
686015 
686343 
686595 
686805 
687325 
687908 
688270 
689997 
690010 
690072 
690387 
690796 
690812 
691611 
691766 
692154 
692252 
692262 
692603 
693933 
693943 
694604 
694749 
695416 
696198 
697048 
697055 
697099 
697512 
698416 
698579 
699082 
699112 
699200 
748903 
748925 
700612 
700624 
702252 
702383 
702677 
702981 
702987 
703058 
703412 
703415 
703600 
703659 
703759 
705420 
706841 
706916 
706934 
707228 
707406 
707433 
707720 
707748 
708013 
708019 
708076 
708820 
709072 
710319 
710864 
711679 
712065 
712318 
712979 
713006 
713321 
714024 
714673 
716292 
716448 
716761 
717716 
719631 
719856 
719875 
720251 
720306 
720992 
721341 
721761 
722281 
722301 
722337 
722748 
722919 
723060 
723118 
723175 
723461 
723707 
724153 
724217 
724522 
724889 
725569 
726364 
726375 
727368 
727974 
728004 
728040 
728047 
728664 
729040 
729064 
729341 
729424 
730067 
730121 
730239 
730779 
731618 
731724 
732430 
732987 
733017 
733051 
733222 
733248 
736272 
736273 
736283 
736800 
736863 
737039 
737042 
737140 
737161 
737163 
737169 
737315 
737625 
737695 
737772 
738015 
738072 
738740 
739321 
739601 
739737 
739752 
739854 
739858 
740989 
741683 
743518 
743524 
743545 
743687 
744573 
745324 
745447 
745938 
745953 
746024 
746733 
747612 
748069 
749338 
749677 
753280 
753725 
754025 
754044 
756182 
757281 
758380 
758401 
758785 
759131 
759133 
759454 
761000 
761304 
761329 
761382 
761726 
762118 
762121 
762510 
762883 
764243 
764517 
764558 
765227 
765955 
766162 
766205 
766434 
766437 
767944 
768677 
769058 
769086 
770504 
770508 
770513 
771596 
771882 
772886 
772957 
773313 
777942 
776877 
776883 
778629 
778931 
779656 
780021 
780036 
780676 
783147 
783852 
784186 
786044 
786822 
787160 
787179 
789245 
789259 
789260 
789305 
789579 
789879 
791498 
791826 
792998 
793704 
794395 
798599 
798913 
800360 
802079 
803141 
803876 
804548 
804891 
807440 
807448 
808755 
808821 
808832 
809816 
809819 
813279 
813300 
813313 
816143 
816560